41.000000 67.000000 34.000000 0.000000 69.000000 
24.000000 78.000000 58.000000 62.000000 64.000000 
5.000000 45.000000 81.000000 27.000000 61.000000 
91.000000 95.000000 42.000000 27.000000 36.000000 
91.000000 4.000000 2.000000 53.000000 92.000000 
_____________
-0.006497 -0.011566 0.004897 0.011542 0.005156 
0.009706 0.011255 -0.012235 0.000539 -0.007208 
-0.011119 -0.012389 0.021932 0.007649 -0.000577 
-0.014166 0.015922 -0.005124 -0.000791 0.003256 
0.014408 0.002048 -0.001837 -0.011151 0.004220 
_____________
